[gd_scene load_steps=11 format=3 uid="uid://bi010r54j6p82"]

[ext_resource type="PackedScene" uid="uid://biaidqh46uhsm" path="res://player.tscn" id="1_j4knv"]
[ext_resource type="Script" path="res://mist.gd" id="2_kyo8u"]
[ext_resource type="PackedScene" uid="uid://dy0qjs0n5tht4" path="res://platform_segment_simple.tscn" id="3_p45ck"]
[ext_resource type="PackedScene" uid="uid://oo3c0v3ygmv0" path="res://ghost.tscn" id="4_ob6w3"]
[ext_resource type="PackedScene" uid="uid://b6wxrdseugf7c" path="res://crumble_platform.tscn" id="5_esrli"]
[ext_resource type="PackedScene" uid="uid://pcp3ity8cgit" path="res://moving_platform.tscn" id="6_2w3qf"]
[ext_resource type="PackedScene" uid="uid://vsotnunxg7b7" path="res://knight_enemy.tscn" id="7_r8l1n"]

[sub_resource type="Environment" id="Environment_xfckt"]
background_mode = 1
background_color = Color(0.219608, 0, 0.203922, 1)
background_energy_multiplier = 1.42
ambient_light_source = 3
ambient_light_color = Color(0, 0, 0.65098, 1)
fog_enabled = true
fog_light_color = Color(0.790632, 0.444495, 0.576032, 1)
fog_light_energy = 3.11
fog_sky_affect = 0.0
fog_height = 679.07
volumetric_fog_density = 1.0
volumetric_fog_emission_energy = 405.21
volumetric_fog_ambient_inject = 1.57

[sub_resource type="BoxShape3D" id="BoxShape3D_o1imb"]
size = Vector3(20, 20, 20)

[sub_resource type="CylinderMesh" id="CylinderMesh_yuvw7"]
top_radius = 10.0
bottom_radius = 10.0
height = 20.0

[node name="Origin" type="Node3D"]

[node name="player" parent="." instance=ExtResource("1_j4knv")]
transform = Transform3D(1, 0, 0, 0, 1, 0, 0, 0, 1, 9.5, 2.86379, 0)

[node name="WorldEnvironment" type="WorldEnvironment" parent="."]
environment = SubResource("Environment_xfckt")

[node name="Ring" type="Node3D" parent="."]

[node name="Path" type="Node3D" parent="Ring"]

[node name="StaticBody3D7" parent="Ring/Path" instance=ExtResource("3_p45ck")]
transform = Transform3D(0.984808, 0, -0.173648, 0, 1, 0, 0.173648, 0, 0.984808, 0, 0.43, 0)

[node name="StaticBody3D8" parent="Ring/Path" instance=ExtResource("3_p45ck")]
transform = Transform3D(0.939693, 0, -0.34202, 0, 1, 0, 0.34202, 0, 0.939693, 0, 0.43, 0)

[node name="StaticBody3D9" parent="Ring/Path" instance=ExtResource("3_p45ck")]
transform = Transform3D(0.866025, 0, -0.5, 0, 1, 0, 0.5, 0, 0.866025, 0, 0.43, 0)

[node name="Path2" type="Node3D" parent="Ring"]
transform = Transform3D(0.875465, 0, -0.483282, 0, 1, 0, 0.483282, 0, 0.875465, 0, 1.14, 0)

[node name="StaticBody3D7" parent="Ring/Path2" instance=ExtResource("3_p45ck")]
transform = Transform3D(0.984808, 0, -0.173648, 0, 1, 0, 0.173648, 0, 0.984808, 0, 0.43, 0)

[node name="StaticBody3D8" parent="Ring/Path2" instance=ExtResource("3_p45ck")]
transform = Transform3D(0.939693, 0, -0.34202, 0, 1, 0, 0.34202, 0, 0.939693, 0, 0.43, 0)

[node name="StaticBody3D9" parent="Ring/Path2" instance=ExtResource("3_p45ck")]
transform = Transform3D(0.866025, 0, -0.5, 0, 1, 0, 0.5, 0, 0.866025, 0, 0.43, 0)

[node name="Path3" type="Node3D" parent="Ring"]
transform = Transform3D(0.255446, 0, -0.966823, 0, 1, 0, 0.966823, 0, 0.255446, 0, 1.14, 0)

[node name="StaticBody3D7" parent="Ring/Path3" instance=ExtResource("3_p45ck")]
transform = Transform3D(0.984808, 0, -0.173648, 0, 1, 0, 0.173648, 0, 0.984808, 0, 0.43, 0)

[node name="StaticBody3D8" parent="Ring/Path3" instance=ExtResource("3_p45ck")]
transform = Transform3D(0.939693, 0, -0.34202, 0, 1, 0, 0.34202, 0, 0.939693, 0, 0.43, 0)

[node name="StaticBody3D9" parent="Ring/Path3" instance=ExtResource("3_p45ck")]
transform = Transform3D(0.866025, 0, -0.5, 0, 1, 0, 0.5, 0, 0.866025, 0, 0.43, 0)

[node name="Path4" type="Node3D" parent="Ring"]
transform = Transform3D(-0.409923, 0, -0.91212, 0, 1, 0, 0.91212, 0, -0.409923, 0, 2.06, 0)

[node name="StaticBody3D7" parent="Ring/Path4" instance=ExtResource("3_p45ck")]
transform = Transform3D(0.984808, 0, -0.173648, 0, 1, 0, 0.173648, 0, 0.984808, 0, 0.43, 0)

[node name="StaticBody3D8" parent="Ring/Path4" instance=ExtResource("3_p45ck")]
transform = Transform3D(0.939693, 0, -0.34202, 0, 1, 0, 0.34202, 0, 0.939693, 0, 0.43, 0)

[node name="StaticBody3D9" parent="Ring/Path4" instance=ExtResource("3_p45ck")]
transform = Transform3D(0.866025, 0, -0.5, 0, 1, 0, 0.5, 0, 0.866025, 0, 0.43, 0)

[node name="Area3D" type="Area3D" parent="."]
transform = Transform3D(1, 0, 0, 0, 1, 0, 0, 0, 1, 0, -23.4177, 0)
script = ExtResource("2_kyo8u")

[node name="CollisionShape3D" type="CollisionShape3D" parent="Area3D"]
shape = SubResource("BoxShape3D_o1imb")

[node name="MeshInstance3D" type="MeshInstance3D" parent="Area3D"]
transparency = 0.88
mesh = SubResource("CylinderMesh_yuvw7")

[node name="Ghost" parent="." instance=ExtResource("4_ob6w3")]
transform = Transform3D(1, 0, 0, 0, 1, 0, 0, 0, 1, 0, 2.658, 9.5)

[node name="Ghost2" parent="." instance=ExtResource("4_ob6w3")]
transform = Transform3D(1, 0, 0, 0, 1, 0, 0, 0, 1, -1.511, -0.0112276, -8.14957)

[node name="Quarter Ring" type="Node3D" parent="."]
transform = Transform3D(-4.37114e-08, 0, 1, 0, 1, 0, -1, 0, -4.37114e-08, 0, 0, 0)

[node name="StaticBody3D15" parent="Quarter Ring" instance=ExtResource("3_p45ck")]
transform = Transform3D(0.984808, 0, -0.173648, 0, 1, 0, 0.173648, 0, 0.984808, 0, 0.43, 0)

[node name="StaticBody3D7" parent="Quarter Ring" instance=ExtResource("3_p45ck")]
transform = Transform3D(1, 0, 0, 0, 1, 0, 0, 0, 1, 0, 0.43, 0)

[node name="StaticBody3D8" parent="Quarter Ring" instance=ExtResource("3_p45ck")]
transform = Transform3D(0.939693, 0, -0.34202, 0, 1, 0, 0.34202, 0, 0.939693, 0, 0.43, 0)

[node name="StaticBody3D9" parent="Quarter Ring" instance=ExtResource("3_p45ck")]
transform = Transform3D(0.866025, 0, -0.5, 0, 1, 0, 0.5, 0, 0.866025, 0, 0.43, 0)

[node name="StaticBody3D10" parent="Quarter Ring" instance=ExtResource("3_p45ck")]
transform = Transform3D(0.766045, 0, -0.642788, 0, 1, 0, 0.642788, 0, 0.766045, 0, 0.43, 0)

[node name="StaticBody3D11" parent="Quarter Ring" instance=ExtResource("3_p45ck")]
transform = Transform3D(0.642788, 0, -0.766045, 0, 1, 0, 0.766045, 0, 0.642788, 0, 0.43, 0)

[node name="StaticBody3D12" parent="Quarter Ring" instance=ExtResource("3_p45ck")]
transform = Transform3D(0.5, 0, -0.866025, 0, 1, 0, 0.866025, 0, 0.5, 0, 0.43, 0)

[node name="StaticBody3D13" parent="Quarter Ring" instance=ExtResource("3_p45ck")]
transform = Transform3D(0.34202, 0, -0.939693, 0, 1, 0, 0.939693, 0, 0.34202, 0, 0.43, 0)

[node name="StaticBody3D14" parent="Quarter Ring" instance=ExtResource("3_p45ck")]
transform = Transform3D(0.173648, 0, -0.984808, 0, 1, 0, 0.984808, 0, 0.173648, 0, 0.43, 0)

[node name="Half Ring" type="Node3D" parent="."]

[node name="StaticBody3D7" parent="Half Ring" instance=ExtResource("3_p45ck")]
transform = Transform3D(1, 0, 0, 0, 1, 0, 0, 0, 1, 0, 0.43, 0)

[node name="StaticBody3D8" parent="Half Ring" instance=ExtResource("3_p45ck")]
transform = Transform3D(0.939693, 0, -0.34202, 0, 1, 0, 0.34202, 0, 0.939693, 0, 0.43, 0)

[node name="StaticBody3D9" parent="Half Ring" instance=ExtResource("3_p45ck")]
transform = Transform3D(0.866025, 0, -0.5, 0, 1, 0, 0.5, 0, 0.866025, 0, 0.43, 0)

[node name="StaticBody3D10" parent="Half Ring" instance=ExtResource("3_p45ck")]
transform = Transform3D(0.766045, 0, -0.642788, 0, 1, 0, 0.642788, 0, 0.766045, 0, 0.43, 0)

[node name="StaticBody3D11" parent="Half Ring" instance=ExtResource("3_p45ck")]
transform = Transform3D(0.642788, 0, -0.766045, 0, 1, 0, 0.766045, 0, 0.642788, 0, 0.43, 0)

[node name="StaticBody3D12" parent="Half Ring" instance=ExtResource("3_p45ck")]
transform = Transform3D(0.5, 0, -0.866025, 0, 1, 0, 0.866025, 0, 0.5, 0, 0.43, 0)

[node name="StaticBody3D13" parent="Half Ring" instance=ExtResource("3_p45ck")]
transform = Transform3D(0.34202, 0, -0.939693, 0, 1, 0, 0.939693, 0, 0.34202, 0, 0.43, 0)

[node name="StaticBody3D14" parent="Half Ring" instance=ExtResource("3_p45ck")]
transform = Transform3D(0.173648, 0, -0.984808, 0, 1, 0, 0.984808, 0, 0.173648, 0, 0.43, 0)

[node name="StaticBody3D17" parent="Half Ring" instance=ExtResource("3_p45ck")]
transform = Transform3D(-4.37114e-08, 0, -1, 0, 1, 0, 1, 0, -4.37114e-08, 0, 0.43, 0)

[node name="StaticBody3D16" parent="Half Ring" instance=ExtResource("3_p45ck")]
transform = Transform3D(-0.173648, 0, -0.984808, 0, 1, 0, 0.984808, 0, -0.173648, 0, 0.43, 0)

[node name="StaticBody3D18" parent="Half Ring" instance=ExtResource("3_p45ck")]
transform = Transform3D(-0.34202, 0, -0.939693, 0, 1, 0, 0.939693, 0, -0.34202, 0, 0.43, 0)

[node name="StaticBody3D19" parent="Half Ring" instance=ExtResource("3_p45ck")]
transform = Transform3D(-0.5, 0, -0.866025, 0, 1, 0, 0.866025, 0, -0.5, 0, 0.43, 0)

[node name="StaticBody3D20" parent="Half Ring" instance=ExtResource("3_p45ck")]
transform = Transform3D(-0.642788, 0, -0.766045, 0, 1, 0, 0.766045, 0, -0.642788, 0, 0.43, 0)

[node name="StaticBody3D21" parent="Half Ring" instance=ExtResource("3_p45ck")]
transform = Transform3D(-0.766045, 0, -0.642788, 0, 1, 0, 0.642788, 0, -0.766045, 0, 0.43, 0)

[node name="StaticBody3D22" parent="Half Ring" instance=ExtResource("3_p45ck")]
transform = Transform3D(-0.866025, 0, -0.5, 0, 1, 0, 0.5, 0, -0.866025, 0, 0.43, 0)

[node name="StaticBody3D23" parent="Half Ring" instance=ExtResource("3_p45ck")]
transform = Transform3D(-0.939693, 0, -0.34202, 0, 1, 0, 0.34202, 0, -0.939693, 0, 0.43, 0)

[node name="StaticBody3D24" parent="Half Ring" instance=ExtResource("3_p45ck")]
transform = Transform3D(-0.939693, 0, -0.34202, 0, 1, 0, 0.34202, 0, -0.939693, 0, 0.43, 0)

[node name="StaticBody3D15" parent="Half Ring" instance=ExtResource("3_p45ck")]
transform = Transform3D(-0.984808, 0, -0.173648, 0, 1, 0, 0.173648, 0, -0.984808, 0, 0.43, 0)

[node name="Half Ring2" type="Node3D" parent="."]
transform = Transform3D(-0.980908, 0, -0.194474, 0, 1, 0, 0.194474, 0, -0.980908, 0, 2, 0)

[node name="StaticBody3D7" parent="Half Ring2" instance=ExtResource("3_p45ck")]
transform = Transform3D(1, 0, 0, 0, 1, 0, 0, 0, 1, 0, 0.43, 0)

[node name="StaticBody3D8" parent="Half Ring2" instance=ExtResource("3_p45ck")]
transform = Transform3D(0.939693, 0, -0.34202, 0, 1, 0, 0.34202, 0, 0.939693, 0, 0.43, 0)

[node name="StaticBody3D9" parent="Half Ring2" instance=ExtResource("3_p45ck")]
transform = Transform3D(0.866025, 0, -0.5, 0, 1, 0, 0.5, 0, 0.866025, 0, 0.43, 0)

[node name="StaticBody3D10" parent="Half Ring2" instance=ExtResource("3_p45ck")]
transform = Transform3D(0.766045, 0, -0.642788, 0, 1, 0, 0.642788, 0, 0.766045, 0, 0.43, 0)

[node name="StaticBody3D11" parent="Half Ring2" instance=ExtResource("3_p45ck")]
transform = Transform3D(0.642788, 0, -0.766045, 0, 1, 0, 0.766045, 0, 0.642788, 0, 0.43, 0)

[node name="StaticBody3D12" parent="Half Ring2" instance=ExtResource("3_p45ck")]
transform = Transform3D(0.5, 0, -0.866025, 0, 1, 0, 0.866025, 0, 0.5, 0, 0.43, 0)

[node name="StaticBody3D13" parent="Half Ring2" instance=ExtResource("3_p45ck")]
transform = Transform3D(0.34202, 0, -0.939693, 0, 1, 0, 0.939693, 0, 0.34202, 0, 0.43, 0)

[node name="StaticBody3D14" parent="Half Ring2" instance=ExtResource("3_p45ck")]
transform = Transform3D(0.173648, 0, -0.984808, 0, 1, 0, 0.984808, 0, 0.173648, 0, 0.43, 0)

[node name="StaticBody3D17" parent="Half Ring2" instance=ExtResource("3_p45ck")]
transform = Transform3D(-4.37114e-08, 0, -1, 0, 1, 0, 1, 0, -4.37114e-08, 0, 0.43, 0)

[node name="StaticBody3D16" parent="Half Ring2" instance=ExtResource("3_p45ck")]
transform = Transform3D(-0.173648, 0, -0.984808, 0, 1, 0, 0.984808, 0, -0.173648, 0, 0.43, 0)

[node name="StaticBody3D18" parent="Half Ring2" instance=ExtResource("3_p45ck")]
transform = Transform3D(-0.34202, 0, -0.939693, 0, 1, 0, 0.939693, 0, -0.34202, 0, 0.43, 0)

[node name="StaticBody3D19" parent="Half Ring2" instance=ExtResource("3_p45ck")]
transform = Transform3D(-0.5, 0, -0.866025, 0, 1, 0, 0.866025, 0, -0.5, 0, 0.43, 0)

[node name="StaticBody3D20" parent="Half Ring2" instance=ExtResource("3_p45ck")]
transform = Transform3D(-0.642788, 0, -0.766045, 0, 1, 0, 0.766045, 0, -0.642788, 0, 0.43, 0)

[node name="StaticBody3D21" parent="Half Ring2" instance=ExtResource("3_p45ck")]
transform = Transform3D(-0.766045, 0, -0.642788, 0, 1, 0, 0.642788, 0, -0.766045, 0, 0.43, 0)

[node name="StaticBody3D22" parent="Half Ring2" instance=ExtResource("3_p45ck")]
transform = Transform3D(-0.866025, 0, -0.5, 0, 1, 0, 0.5, 0, -0.866025, 0, 0.43, 0)

[node name="StaticBody3D23" parent="Half Ring2" instance=ExtResource("3_p45ck")]
transform = Transform3D(-0.939693, 0, -0.34202, 0, 1, 0, 0.34202, 0, -0.939693, 0, 0.43, 0)

[node name="StaticBody3D24" parent="Half Ring2" instance=ExtResource("3_p45ck")]
transform = Transform3D(-0.939693, 0, -0.34202, 0, 1, 0, 0.34202, 0, -0.939693, 0, 0.43, 0)

[node name="StaticBody3D15" parent="Half Ring2" instance=ExtResource("3_p45ck")]
transform = Transform3D(-0.984808, 0, -0.173648, 0, 1, 0, 0.173648, 0, -0.984808, 0, 0.43, 0)

[node name="Node3D" parent="." instance=ExtResource("5_esrli")]
transform = Transform3D(0.93892, 0, 0.344135, 0, 1, 0, -0.344135, 0, 0.93892, 0, 0.81, 0)

[node name="Node3D3" parent="." instance=ExtResource("6_2w3qf")]
transform = Transform3D(1, 0, 0, 0, 1, 0, 0, 0, 1, 7, 2.5, 0)
initial_y = 2.5
vertical_change = 3.0

[node name="KnightEnemy" parent="." instance=ExtResource("7_r8l1n")]
transform = Transform3D(0.5, 0, -0.866025, 0, 1, 0, 0.866025, 0, 0.5, 4.75, 2, 8.22724)
starting_rotation_degrees = 300.0
starting_height = 2.0

[connection signal="body_entered" from="Area3D" to="Area3D" method="_on_body_entered"]
